01.jpg		2	163	218	228	246			1	288	205	159	263
10.jpg		2	134	240	126	54			3	279	211	224	110	
11.jpg		2	75	232	105	156			1	143	233	59	127			2	218	225	111	171			1	280	250	56	113			2	341	233	107	164	
12.jpg		0	247	172	45	150			3	231	223	250	159	
13.jpg		0	73	244	47	185			0	130	241	62	195			0	203	237	68	212			0	269	228	68	236			0	339	224	62	244	
14.jpg		0	200	208	232	255			2	220	245	124	181	
15.jpg		3	47	219	90	281			3	145	208	112	309			3	246	216	87	284			3	350	215	119	278	
16.jpg		3	147	253	224	182			3	289	243	192	201			0	130	172	63	190			0	293	163	69	157	
17.jpg		1	90	233	133	250			1	204	227	122	275			1	323	209	154	307	
18.jpg		1	254	209	96	209			0	204	175	210	264	
02.jpg		2	165	180	274	193			1	340	234	62	123
03.jpg		2	140	274	125	154			0	122	183	77	180			0	190	176	100	239			2	227	187	40	54			0	251	214	72	212			0	287	192	94	245
04.jpg		1	225	300	121	193			0	218	209	336	379
05.jpg		2	210	218	376	163			1	275	252	212	88
06.jpg		2	131	233	98	197			2	228	231	94	211
07.jpg		2	135	217	195	217			0	292	205	137	222
08.jpg		1	141	209	277	185			1	322	189	153	224
09.jpg		0	167	228	257	368			2	286	267	134	286
